
BID: 228.9
BID_SIZE: 10
ASK: 228.97
ASK_SIZE: 5
LAST: 228.97
LAST_SIZE: 1
BID_SIZE: 10
ASK_SIZE: 5
LAST_SIZE: 1
VOLUME: 580594
HIGH: 229.59
LOW: 228.76
CLOSE: 229.33
OPEN: 229.3
LAST_TIMESTAMP: 01/28/17 00:01:35
ASK: 229
ASK_SIZE: 1
ASK_SIZE: 1
T_S|01/DD/YYYY 12:20:54.099|228.95|5|229.03776709|580599|
VOLUME: 580599
T_S|01/DD/YYYY 12:22:16.059||0|229.03776709|580599|
T_S|01/DD/YYYY 12:23:05.119|228.96|1|229.03776696|580600|
VOLUME: 580600
T_S|01/DD/YYYY 12:23:13.242|228.96|5|229.03776629|580605|
VOLUME: 580605
BID: 228.9
BID_SIZE: 10
ASK: 229
ASK_SIZE: 1
LAST: 228.97
LAST_SIZE: 1
BID_SIZE: 10
ASK_SIZE: 1
LAST_SIZE: 1
VOLUME: 580605
HIGH: 229.59
LOW: 228.76
CLOSE: 229.33
OPEN: 229.3
LAST_TIMESTAMP: 01/28/17 00:01:35
T_S|28/28/2017 12:28:39.266|228.96|5|229.03776562|58061000|
VOLUME: 580610
T_S|31/28/2017 12:31:19.970|228.97|21|229.03776317|58063100|
VOLUME: 580631
T_S|34/28/2017 12:34:28.935|228.97|5|229.03776258|58063600|
T_S|34/28/2017 12:34:29.187|228.97|3|229.03776223|58063900|
VOLUME: 580639
T_S|34/28/2017 12:34:31.190||0|229.03776223|58063900|
